beta,mean_rew,mean_perturbation,mean_n_timsteps,mean_n_attacks
50,-53.11,21.04,,91.88
51,-56.58,11.99,,52.64
52,-54.03,12.08,,53.02
53,-59.58,17.07,,74.4
54,-59.26,12.17,,53.48
55,-46.84,12.58,,55.7
56,-51.63,7.92,,35.16
57,-52.01,7.71,,33.98
58,-49.94,7.78,,34.74
59,-51.86,12.45,,55.0
60,-60.65,16.45,,72.24
61,-51.49,7.82,,34.58
62,-64.43,21.44,,93.6
63,-53.84,12.36,,54.4
64,-43.82,12.6,,55.0
65,-66.11,25.96,,112.3
66,-60.67,16.85,,74.06
67,-58.39,12.35,,54.14
68,-55.64,16.87,,73.42
69,-55.05,12.21,,53.42
70,-59.56,12.28,,53.62
71,-54.77,7.53,,32.96
72,-59.63,12.48,,54.38
73,-76.06,30.07,,130.94
74,-65.2,16.52,,71.84
75,-56.0,21.07,,92.38
76,-56.38,16.93,,74.22
77,-59.81,21.15,,92.44
78,-56.06,12.15,,53.82
79,-59.48,16.72,,73.76
80,-59.17,12.52,,54.88
81,-54.35,7.78,,34.96
82,-51.86,7.87,,34.24
83,-60.62,12.22,,53.56
84,-46.88,7.97,,35.2
85,-49.34,7.98,,35.42
86,-51.18,7.84,,34.8
87,-58.92,12.25,,53.72
88,-55.41,8.04,,35.34
89,-50.53,8.02,,35.78
90,-52.84,7.9,,34.28
91,-55.35,12.09,,53.18
92,-53.4,7.48,,32.98
93,-58.74,16.53,,72.44
94,-61.38,12.39,,54.56
95,-53.63,7.68,,34.44
96,-51.21,8.05,,35.34
97,-50.48,7.87,,34.48
98,-52.42,7.93,,34.86
99,-54.66,7.63,,33.98
100,-52.3,7.87,,34.78
101,-52.48,12.43,,54.86
102,-53.25,7.58,,33.62
103,-55.44,12.16,,53.28
104,-53.65,17.07,,75.4
105,-52.74,8.18,,36.54
106,-51.94,7.96,,35.28
107,-65.77,16.75,,73.2
108,-63.72,21.22,,92.78
109,-62.52,12.09,,52.76
110,-46.8,12.53,,54.92
111,-55.5,12.57,,54.92
112,-70.18,25.85,,112.28
113,-54.67,12.08,,53.24
114,-57.75,12.3,,54.26
115,-58.22,12.03,,52.96
116,-57.85,16.79,,73.62
117,-52.41,12.38,,54.58
118,-59.27,12.3,,54.18
119,-51.27,7.75,,34.48
120,-57.94,12.33,,53.94
121,-58.76,12.03,,52.88
122,-51.86,8.05,,35.34
123,-55.57,12.46,,54.72
124,-50.73,12.43,,54.78
125,-53.31,7.98,,35.4
126,-51.43,8.23,,36.64
127,-54.66,7.71,,34.24
128,-65.81,16.51,,72.4
129,-64.78,21.05,,92.82
130,-59.28,16.84,,73.76
131,-52.8,12.22,,53.6
132,-54.62,12.37,,54.16
133,-54.31,7.78,,34.4
134,-56.68,16.67,,72.92
135,-54.29,12.32,,54.14
136,-54.57,7.37,,32.36
137,-52.83,7.66,,33.36
138,-52.49,7.8,,34.66
139,-53.71,7.85,,34.4
140,-53.01,8.02,,35.54
141,-52.35,12.21,,53.66
142,-55.45,7.64,,33.8
143,-60.32,12.31,,53.58
144,-57.0,12.44,,54.82
145,-60.14,16.99,,74.22
146,-52.86,8.24,,36.1
147,-56.88,12.21,,53.48
148,-55.13,7.89,,34.82
149,-51.03,12.46,,55.28
150,-54.38,12.16,,53.54
151,-46.87,12.19,,53.9
152,-49.92,7.84,,35.22
153,-55.23,12.41,,54.32
154,-54.78,12.12,,53.42
155,-51.13,7.68,,33.66
156,-50.9,8.03,,35.46
157,-59.89,16.48,,71.96
158,-54.46,12.69,,55.72
159,-58.25,12.39,,54.54
160,-54.22,11.96,,52.7
161,-54.77,7.79,,34.14
162,-54.87,16.41,,72.1
163,-60.14,12.19,,53.38
164,-53.62,7.82,,34.46
165,-51.92,12.41,,53.76
166,-54.48,7.83,,34.74
167,-56.79,17.0,,74.32
168,-50.77,7.89,,34.8
169,-49.89,7.96,,35.04
170,-54.95,12.34,,54.14
171,-59.76,12.07,,53.34
172,-54.55,11.8,,51.46
173,-51.41,7.78,,34.44
174,-54.01,7.94,,34.82
175,-53.44,7.71,,34.22
176,-63.16,16.36,,71.92
177,-55.08,12.19,,53.12
178,-54.74,7.84,,34.26
179,-63.72,16.87,,74.02
180,-53.76,7.71,,34.22
181,-62.93,21.17,,92.6
182,-50.48,8.11,,35.82
183,-55.44,12.28,,53.82
184,-55.28,17.04,,74.56
185,-55.37,12.32,,53.96
186,-52.96,7.88,,34.72
187,-51.39,7.58,,33.8
188,-60.68,20.79,,91.5
189,-52.63,7.91,,34.64
190,-54.22,12.42,,54.1
191,-60.28,16.8,,73.24
192,-56.55,12.22,,53.52
193,-54.97,7.44,,33.06
194,-50.52,7.81,,34.56
195,-48.63,8.05,,35.42
196,-55.29,7.86,,34.78
197,-57.36,12.16,,53.56
198,-52.86,7.85,,34.7
199,-54.33,12.25,,53.86
200,-48.17,12.55,,54.96
201,-53.98,12.33,,54.02
202,-69.67,21.38,,93.7
203,-49.73,8.08,,36.1
204,-49.5,7.57,,33.5
205,-52.76,8.0,,35.34
206,-52.21,12.23,,53.86
207,-52.63,7.93,,35.46
208,-53.14,8.2,,35.8
209,-53.39,7.75,,34.14
210,-59.47,16.88,,73.24
211,-60.93,12.0,,52.9
212,-51.84,8.35,,36.98
213,-56.09,7.83,,34.5
214,-57.74,12.34,,54.52
215,-49.24,7.58,,33.82
216,-56.9,14.42,,62.76
217,-53.9,7.78,,34.18
218,-60.68,16.75,,73.98
219,-49.85,7.7,,34.02
220,-52.91,8.22,,36.7
221,-61.05,16.83,,74.04
222,-56.0,16.78,,73.52
223,-56.56,7.68,,33.94
224,-54.4,12.29,,53.6
225,-58.92,16.64,,73.62
226,-52.52,7.65,,33.8
227,-52.41,12.38,,54.76
228,-51.83,7.67,,33.96
229,-53.12,12.47,,55.0
230,-52.33,8.13,,36.02
231,-52.55,7.73,,34.2
232,-54.66,16.7,,73.64
233,-51.34,7.89,,35.24
234,-51.72,12.36,,54.88
235,-54.09,8.06,,35.44
236,-60.86,12.13,,53.4
237,-56.66,16.53,,72.36
238,-49.89,7.58,,33.56
239,-55.67,16.69,,72.56
240,-59.78,16.84,,73.68
241,-52.4,7.85,,34.94
242,-55.67,16.93,,74.2
243,-64.28,16.78,,73.28
244,-54.36,16.64,,73.08
245,-66.59,21.24,,92.2
246,-65.67,25.45,,111.66
247,-51.91,7.58,,33.76
248,-50.38,12.41,,54.1
249,-51.12,7.55,,33.4
250,-59.51,12.06,,53.16
251,-55.72,12.45,,54.74
252,-51.69,7.56,,33.4
253,-58.76,12.01,,53.14
254,-54.01,7.83,,34.46
255,-60.98,17.01,,74.6
256,-64.73,16.94,,73.64
257,-61.34,17.04,,74.7
258,-49.55,8.12,,36.1
259,-64.24,16.66,,73.44
260,-52.22,8.28,,35.9
261,-52.66,8.16,,35.86
262,-56.06,12.03,,52.46
263,-57.17,12.58,,55.04
264,-51.42,7.92,,34.88
265,-52.99,7.94,,34.84
266,-51.31,7.71,,33.92
267,-52.89,8.37,,36.64
268,-58.16,12.33,,53.76
269,-57.18,12.25,,53.62
270,-61.0,16.57,,72.54
271,-52.83,7.57,,33.28
272,-61.12,21.06,,91.8
273,-53.93,7.62,,33.64
274,-52.32,11.97,,53.1
275,-52.81,12.27,,53.82
276,-60.14,16.6,,73.68
277,-50.46,8.03,,35.58
278,-52.13,7.93,,35.0
279,-51.43,7.68,,33.98
280,-52.23,12.09,,53.4
281,-51.25,17.24,,75.1
282,-51.56,7.84,,34.8
283,-59.45,21.33,,93.38
284,-53.58,7.6,,33.54
285,-52.62,7.92,,34.9
286,-53.86,7.64,,33.74
287,-60.6,11.97,,52.6
288,-55.76,11.89,,52.14
289,-66.73,20.89,,91.46
290,-50.45,7.69,,34.02
291,-55.63,12.41,,54.92
292,-54.66,7.85,,34.9
293,-63.14,16.48,,72.82
294,-48.79,7.88,,35.18
295,-52.0,7.78,,34.34
296,-48.48,7.98,,35.52
297,-50.14,7.99,,35.22
298,-62.94,16.57,,72.84
299,-51.37,12.13,,53.22
300,-52.85,12.56,,55.26
301,-52.24,12.39,,54.38
302,-57.39,12.09,,53.12
303,-52.35,12.3,,55.02
304,-53.59,7.76,,34.22
305,-54.31,12.21,,53.44
306,-51.52,7.81,,34.76
307,-53.46,8.21,,36.06
308,-53.72,7.44,,33.04
309,-51.64,7.8,,34.14
310,-53.52,7.65,,33.7
311,-58.96,12.25,,53.9
312,-47.03,12.34,,54.62
313,-54.89,8.03,,35.32
314,-52.12,7.73,,33.84
315,-51.53,7.72,,33.94
316,-58.71,21.42,,93.64
317,-55.51,12.32,,54.28
318,-55.09,12.72,,55.66
319,-50.1,7.76,,33.92
320,-49.82,7.76,,34.7
321,-58.82,16.5,,72.72
322,-54.8,7.84,,34.3
323,-52.75,7.83,,34.8
324,-42.22,12.81,,55.64
325,-50.75,7.96,,35.04
326,-54.99,12.4,,55.04
327,-50.78,7.85,,34.86
328,-58.7,16.82,,73.86
329,-52.79,12.54,,55.3
330,-50.61,8.07,,35.54
331,-57.01,12.53,,55.38
332,-49.6,8.27,,36.4
333,-52.88,8.05,,35.3
334,-54.12,8.01,,34.96
335,-57.46,16.81,,73.56
336,-51.58,7.67,,34.06
337,-63.87,21.14,,92.02
338,-50.61,7.82,,34.82
339,-54.52,12.48,,54.38
340,-62.1,21.05,,92.98
341,-56.12,12.44,,54.12
342,-58.88,12.12,,53.4
343,-52.57,17.86,,78.26
344,-56.76,7.83,,34.48
345,-58.94,12.43,,54.38
346,-51.03,8.1,,35.38
347,-59.71,16.73,,73.24
348,-56.65,12.28,,53.76
349,-57.64,12.26,,53.9
350,-51.63,8.08,,35.64
351,-58.53,12.78,,54.96
352,-54.82,20.78,,91.18
353,-52.38,7.94,,35.34
354,-53.89,12.05,,52.96
355,-52.41,7.95,,35.18
356,-48.49,7.95,,35.1
357,-52.79,7.76,,34.24
358,-54.38,8.01,,34.86
359,-53.6,7.88,,34.66
360,-58.86,12.44,,54.64
361,-51.57,12.69,,55.36
362,-48.18,7.96,,35.34
363,-59.19,12.61,,55.3
364,-51.91,12.45,,55.04
365,-59.14,12.41,,54.02
366,-52.43,7.61,,33.6
367,-47.8,7.81,,34.44
368,-50.01,8.08,,36.02
369,-61.58,17.03,,74.58
370,-59.15,12.27,,54.3
371,-49.06,7.98,,35.4
372,-69.3,20.78,,90.76
373,-49.94,7.91,,34.82
374,-49.44,7.83,,34.84
375,-60.31,16.87,,73.62
376,-54.4,12.26,,53.7
377,-52.71,12.35,,54.38
378,-59.35,16.64,,72.6
379,-52.46,7.98,,35.38
380,-54.43,7.85,,34.64
381,-61.73,16.95,,73.98
382,-53.24,12.68,,55.76
383,-62.68,25.68,,112.18
384,-52.83,7.89,,35.0
385,-52.73,12.54,,55.32
386,-55.15,12.59,,55.12
387,-47.91,12.33,,54.54
388,-55.45,12.5,,54.44
389,-53.49,12.33,,54.26
390,-60.81,16.52,,72.1
391,-54.09,8.2,,36.12
392,-54.03,12.11,,53.44
393,-55.38,12.29,,54.28
394,-47.83,12.49,,54.66
395,-51.99,16.93,,73.84
396,-50.21,7.97,,35.2
397,-50.55,7.81,,34.68
398,-70.01,16.63,,72.94
399,-53.82,7.52,,33.08
400,-53.51,12.31,,54.72
401,-56.6,7.63,,33.54
402,-54.25,7.5,,32.94
403,-51.76,7.51,,33.56
404,-56.51,12.39,,54.38
405,-49.93,7.83,,34.56
406,-54.02,7.9,,34.86
407,-53.54,7.93,,34.92
408,-57.87,12.55,,54.52
409,-55.63,7.72,,34.1
410,-57.5,17.12,,74.48
411,-60.61,17.07,,74.08
412,-58.62,12.31,,54.28
413,-51.56,7.61,,33.92
414,-52.53,7.51,,33.1
415,-56.8,16.82,,73.48
416,-57.88,20.95,,92.06
417,-56.56,12.08,,53.54
418,-62.08,17.0,,74.68
419,-52.79,7.68,,34.16
420,-52.27,12.42,,54.62
421,-50.95,7.61,,33.9
422,-56.06,12.3,,54.24
423,-56.27,12.17,,53.44
424,-56.91,16.73,,73.44
425,-57.44,12.11,,53.16
426,-51.5,8.01,,35.56
427,-60.45,16.5,,72.56
428,-59.12,12.03,,52.82
429,-52.41,7.88,,34.32
430,-72.8,16.55,,72.96
431,-58.64,16.63,,72.74
432,-66.36,12.43,,53.56
433,-47.22,7.81,,34.72
434,-54.7,7.61,,33.86
435,-64.06,16.67,,72.76
436,-57.68,19.24,,85.0
437,-53.55,7.82,,34.7
438,-59.04,16.6,,73.04
439,-50.21,7.74,,34.12
440,-51.63,7.56,,33.62
441,-49.39,12.32,,53.8
442,-57.66,16.72,,72.88
443,-59.15,12.15,,52.78
444,-51.82,12.46,,53.96
445,-56.54,12.49,,55.1
446,-52.05,7.78,,34.04
447,-57.74,16.89,,73.88
448,-48.29,8.31,,36.8
449,-60.0,12.26,,53.66
450,-61.31,16.57,,73.44
451,-51.27,7.78,,34.4
452,-50.74,12.42,,54.5
453,-53.56,16.95,,73.3
454,-48.51,8.17,,35.98
455,-53.29,12.44,,54.54
456,-51.16,7.67,,33.72
457,-54.17,12.5,,54.9
458,-54.91,11.97,,52.8
459,-53.14,7.79,,34.44
460,-62.77,17.15,,75.06
461,-54.82,12.38,,54.5
462,-50.08,7.96,,35.42
463,-49.27,7.68,,34.0
464,-49.11,8.04,,35.7
465,-55.7,12.36,,54.02
466,-52.3,7.47,,33.26
467,-53.53,12.04,,52.66
468,-52.79,8.17,,35.94
469,-53.86,12.13,,53.26
470,-51.97,8.16,,35.7
471,-56.07,7.28,,32.32
472,-56.35,12.41,,54.1
473,-53.69,7.76,,34.52
474,-54.4,17.13,,74.84
475,-47.86,7.87,,35.0
476,-48.96,8.05,,35.62
477,-57.51,12.18,,53.76
478,-47.69,7.99,,35.64
479,-52.52,8.07,,35.82
480,-55.86,17.19,,74.92
481,-59.84,16.66,,72.84
482,-55.96,12.0,,52.52
483,-63.77,16.6,,72.24
484,-48.48,8.22,,36.1
485,-50.69,8.03,,35.04
486,-51.59,8.22,,36.02
487,-52.86,12.41,,54.36
488,-56.31,16.68,,73.06
489,-56.91,16.86,,73.66
490,-50.7,8.11,,36.06
491,-57.59,11.94,,52.84
492,-47.84,7.72,,34.16
493,-50.6,7.74,,34.38
494,-52.08,7.94,,35.38
495,-52.74,16.71,,73.42
496,-52.93,7.93,,35.1
497,-52.08,12.69,,55.24
498,-61.32,16.87,,73.02
499,-56.56,16.52,,72.98
