epsilon,mean_rew,mean_perturbation,mean_n_timsteps,mean_n_attacks
0.01,207.69,2.68,,302.96
0.02,103.56,4.73,,264.46
0.03,91.21,11.92,,439.02
0.04,69.42,11.2,,313.48
0.05,54.59,12.29,,270.5
0.06,27.61,6.89,,127.62
0.07,26.57,9.13,,144.8
0.08,20.92,7.77,,107.08
0.09,7.36,8.42,,102.56
0.1,5.49,9.47,,103.5
0.11,4.67,12.19,,120.52
0.12,1.75,10.89,,99.86
0.13,-1.4,11.15,,93.42
0.14,-15.73,12.03,,92.6
0.15,-15.45,12.54,,90.18
0.16,-18.81,13.91,,92.44
0.17,-23.54,14.63,,92.0
0.18,-22.3,15.51,,91.5
0.19,-32.1,16.01,,88.68
0.2,-41.77,16.84,,87.66
0.21,-40.21,17.72,,87.46
0.22,-46.81,18.27,,85.54
0.23,-59.82,18.56,,83.4
0.24,-51.18,20.78,,88.42
0.25,-70.98,20.91,,85.04
0.26,-66.2,21.53,,84.14
0.27,-73.17,21.69,,81.62
0.28,-84.37,23.09,,82.66
0.29,-84.24,24.64,,85.26
0.3,-99.19,24.75,,81.78
0.31,-85.24,26.24,,83.84
0.32,-105.57,26.12,,80.62
0.33,-106.81,27.39,,81.58
0.34,-105.25,27.31,,78.64
0.35,-150.32,29.58,,81.72
0.36,-165.45,30.03,,80.78
0.37,-136.85,30.76,,80.22
0.38,-158.13,31.07,,79.08
0.39,-167.45,31.6,,77.82
0.4,-173.74,33.19,,79.68
0.41,-178.52,33.37,,77.06
0.42,-180.46,42.86,,98.12
0.43,-189.95,35.39,,77.92
0.44,-227.22,36.71,,77.64
0.45,-218.9,36.78,,77.3
0.46,-217.51,36.67,,75.42
0.47,-214.09,37.71,,76.58
0.48,-243.94,37.88,,73.74
0.49,-236.74,40.06,,76.04
